# Created by Octave 4.2.1, Tue Jun 27 11:43:43 2017 GMT <unknown@unknown>
# name: ninescores
# type: matrix
# rows: 300
# columns: 1
 1675
 498
 391
 164
 154
 204
 87
 35
 187
 119
 80
 30
 23
 17
 39
 78
 219
 37
 105
 129
 34
 50
 221
 51
 40
 106
 69
 38
 44
 23
 79
 72
 37
 33
 76
 107
 52
 90
 48
 15
 32
 230
 110
 41
 38
 18
 30
 122
 30
 23
 24
 20
 47
 65
 19
 26
 92
 99
 58
 36
 48
 8
 31
 23
 45
 9
 10
 24
 29
 40
 21
 11
 25
 7
 21
 25
 7
 7
 7
 11
 12
 42
 8
 19
 8
 7
 35
 7
 22
 7
 7
 7
 27
 7
 7
 25
 7
 7
 20
 7
 17
 33
 8
 8
 8
 9
 39
 22
 9
 20
 44
 40
 10
 8
 12
 11
 10
 7
 7
 8
 103
 9
 64
 9
 31
 45
 20
 15
 22
 32
 12
 23
 7
 7
 7
 16
 7
 8
 15
 24
 16
 40
 9
 31
 28
 27
 18
 22
 25
 22
 7
 37
 42
 19
 17
 39
 23
 28
 53
 43
 7
 55
 9
 27
 12
 13
 12
 7
 7
 20
 8
 7
 9
 7
 7
 13
 8
 7
 15
 27
 16
 19
 7
 22
 9
 8
 7
 7
 10
 8
 46
 8
 8
 8
 9
 8
 8
 8
 29
 8
 20
 32
 8
 8
 24
 9
 7
 38
 28
 21
 19
 52
 32
 10
 15
 8
 17
 19
 8
 40
 16
 18
 7
 7
 13
 7
 8
 11
 7
 7
 13
 7
 7
 24
 7
 13
 17
 12
 8
 33
 14
 8
 8
 8
 8
 11
 8
 12
 11
 18
 9
 8
 34
 8
 13
 19
 8
 8
 9
 8
 12
 8
 21
 21
 20
 29
 27
 20
 28
 17
 44
 52
 30
 24
 21
 19
 40
 28
 20
 70
 51
 31
 62
 27
 36
 34
 16
 33
 18
 16
 28
 33
 25
 62
 19
 19
 22
 20
 32
 24


# name: q
# type: matrix
# ndims: 3
 7 10 9
 -9.612381586737188
 -9.954268125476739
 -10.29836019736696
 -10.59574375348228
 -10.2643432335429
 -9.978670733623023
 -10.43640353472097
 -9.263963614119284
 -9.217486930432539
 -10.17511716531622
 -10.38749869221734
 -9.846599016105213
 -10.27895405518429
 -10.51940336850448
 -8.894392091150849
 -9.412291004195239
 -9.475617604839652
 -9.650335033063879
 -10.04614406694164
 -10.38506916991721
 -10.93498769896652
 0
 -8.889215504307698
 -9.453488939295532
 -9.63183518678683
 -9.958145721094951
 -9.620847654688758
 -10.53702041017768
 0
 -7.395064608320529
 -7.718891007877477
 -8.949448966658771
 -9.947601746850889
 -10.23428267105075
 -10.15116257790847
 0
 -7.700488270625
 -7.346032214536686
 -7.713524536076572
 -8.952263735592588
 -8.918010595142647
 -9.583783941287123
 0
 0
 -6.27590499883891
 -7.518400343172834
 -8.042105316917429
 -7.962913145526437
 -8.959510618744233
 0
 0
 0
 0
 -4.74540158181478
 -6.117616596002105
 -7.597605752747548
 0
 -0.75
 -4.039129176849209
 -3.881618231630569
 -5.02519703028716
 -5.522813148987377
 -7.029963017711843
 -1.1875
 -1.125
 -3.486676559324903
 -4.501828997087611
 -4.935172432419922
 -5.569469254265528
 -6.132181490623416
 -10.04172548148759
 -9.332478021004887
 -9.929782846612746
 -10.45024611769562
 -10.25099526350968
 -10.39807703926721
 -10.04335118723276
 -9.260042206691779
 -9.768901319297649
 -9.708478470738541
 -9.821760128040697
 -10.1835422488078
 -10.25855455481075
 -10.26903024427884
 -9.233092457248588
 -9.197548704046039
 -9.410514637325987
 -9.862700704576428
 -10.05531160713819
 -10.16007229410843
 -10.49362458217364
 0
 -8.416497687141494
 -8.982239027523729
 -9.609406626727328
 -9.723691621291245
 -10.18424297408607
 -10.67120144811618
 0
 -7.241209854233894
 -7.615508138759584
 -8.818979330270889
 -9.516824450340613
 -9.560996749979909
 -10.51588882078355
 0
 -3.906535526546222
 -6.637489714028989
 -7.604714356388008
 -8.666629432039031
 -9.257593062914431
 -9.609364920037399
 0
 0
 -5.238646582229994
 -5.72195401072501
 -6.789596523299237
 -8.040848298360155
 -8.674127561857896
 0
 0
 0
 0
 -5.278539480517134
 -6.8025023747822
 -7.563168539415288
 0
 -0.75
 -0.75
 -3.08746337890625
 -3.936416625976562
 -5.357187358366566
 -7.744840363387528
 -0.75
 -1.21875
 -2.1144885038957
 -3.288506778382946
 -3.937275237502173
 -4.766913841734516
 -5.508743629429185
 -9.911335345826012
 -9.851941917577609
 -9.940456884591262
 -10.88288171915722
 -10.61196394764068
 -10.14780609444323
 -10.50360618280806
 -9.693255227185592
 -9.461070732791921
 -10.10480004866804
 -9.723416333712722
 -10.17658329123632
 -10.05382089453767
 -10.01974375628114
 -8.922511448326098
 -9.390449420640888
 -9.452386809245109
 -9.755443400611099
 -9.783174331363178
 -10.18173277586362
 -10.36145728017161
 0
 -8.05120711441662
 -9.037735585137565
 -9.332477929396084
 -10.12094145682244
 -10.10224236946496
 -10.79629364965468
 0
 -7.197377494805732
 -8.795870593394879
 -8.411187816730777
 -9.472336126159707
 -9.885662352896595
 -10.52568673537175
 0
 -5.932808451848639
 -7.317177970666146
 -8.201941355607755
 -8.953707604861517
 -9.819209951219147
 -9.41697115681546
 0
 0
 -5.47945005303402
 -6.622878836620322
 -7.917347510482803
 -9.219162498809665
 -8.493222633311689
 0
 0
 0
 0
 -5.733250202561667
 -6.727871534291634
 -8.853446725340232
 0
 0
 -0.5
 -2.584716796875
 -5.579246937288361
 -6.738186668369382
 -7.665978815581834
 -0.75
 -0.9999999850988388
 -2.678466796875
 -4.155670687788071
 -5.865737208168113
 -6.048504460260528
 -7.038868366253938
 -9.755189303090038
 -9.473703572946516
 -10.09484438335167
 -10.53222593589726
 -10.44508946867521
 -10.39989346559679
 -10.09284127679584
 -9.252605987789707
 -9.089783433952142
 -9.71561838754393
 -9.919700294764606
 -10.04120690418936
 -10.45893481459472
 -10.42690186942119
 -8.689813176831739
 -8.856907865611408
 -9.327814599471761
 -10.09449889028234
 -10.13717381128672
 -10.48744782963024
 -10.20824727107807
 0
 -8.443542875251033
 -8.383338872436838
 -9.257478980982185
 -9.990874168731928
 -10.29154764639588
 -10.53458484372722
 0
 -7.114226690952695
 -8.045074062269963
 -8.973900267074683
 -9.260406330659537
 -9.648618062311575
 -10.07949303543174
 0
 -5.236033552848333
 -6.762996397744995
 -7.626600654937661
 -8.708282131655674
 -8.990747225425157
 -8.758719084251048
 0
 0
 -2.854826037160819
 -5.603725965924679
 -6.69896864375583
 -7.344988787914422
 -8.764263668295044
 0
 0
 0
 0
 -4.669465346822296
 -6.110001703368905
 -6.991062507155258
 0
 0
 -1.657497419044391
 -2.627929982612841
 -4.327392710372806
 -5.085073610830422
 -6.556678502169011
 -0.75
 -1.7421875
 -3.350677231354021
 -3.786473674331231
 -4.569006963522946
 -5.924336805466806
 -6.170668230284491
 -9.503265867052601
 -9.883115643889315
 -10.46309353835884
 -10.67115754807313
 -10.34707605132062
 -10.07020728728867
 -10.58588306531541
 -9.543214803075006
 -9.694768337877857
 -10.17771175949788
 -9.804569576021638
 -10.05953731532219
 -10.24208891313713
 -10.48423621701309
 -9.498866135331365
 -9.226732013783201
 -9.580515040421542
 -9.687621846268707
 -10.18796711457398
 -10.42208111412381
 -10.2029603696247
 0
 -8.358876394729759
 -9.484210278694441
 -9.429382560420311
 -9.848789193862661
 -10.39365416477196
 -10.59535093775286
 0
 -8.046522046594303
 -7.577346121493889
 -8.350352806546228
 -9.711317853169582
 -9.829735661607636
 -10.55305295980546
 0
 -7.507713666756896
 -7.044553307986135
 -8.403297173037798
 -8.365063541719065
 -9.549107371730168
 -10.08226077348922
 0
 0
 -3.109951150283726
 -6.597057491454359
 -6.647319038592445
 -7.3501865513851
 -8.780444205671449
 0
 0
 0
 0
 -6.000057353284975
 -6.707127030311845
 -7.875929446340647
 0
 0
 -4.4274800445155
 -4.929219871636377
 -5.928523062391585
 -5.66762592263876
 -7.11158008506442
 -0.75
 -2.4404296875
 -3.3506341695813
 -4.908775508294001
 -6.753202877846566
 -7.415793471373638
 -6.478876778306819
 -9.599514941995276
 -9.858778198358557
 -10.0789333046214
 -10.46291578833788
 -10.2245715398292
